-23.750000 -22.500000 -23.750000 12.500000 false 
-11.250000 -22.500000 -23.750000 12.500000 false 
-23.750000 -10.000000 -23.750000 12.500000 false 
-11.250000 -10.000000 -23.750000 12.500000 false 
-23.750000 -22.500000 -11.250000 12.500000 false 
-11.250000 -22.500000 -11.250000 12.500000 false 
-23.750000 -10.000000 -11.250000 12.500000 false 
-11.250000 -10.000000 -11.250000 6.250000 false 
-5.000000 -10.000000 -11.250000 6.250000 false 
-11.250000 -3.750000 -11.250000 6.250000 false 
-5.000000 -3.750000 -11.250000 6.250000 false 
-11.250000 -10.000000 -5.000000 6.250000 false 
-5.000000 -10.000000 -5.000000 6.250000 false 
-11.250000 -3.750000 -5.000000 6.250000 false 
-5.000000 -3.750000 -5.000000 3.125000 false 
-1.875000 -3.750000 -5.000000 3.125000 false 
-5.000000 -0.625000 -5.000000 3.125000 false 
-1.875000 -0.625000 -5.000000 3.125000 false 
-5.000000 -3.750000 -1.875000 3.125000 false 
-1.875000 -3.750000 -1.875000 3.125000 false 
-5.000000 -0.625000 -1.875000 3.125000 false 
-1.875000 -0.625000 -1.875000 1.562500 false 
-0.312500 -0.625000 -1.875000 1.562500 false 
-1.875000 0.937500 -1.875000 1.562500 false 
-0.312500 0.937500 -1.875000 1.562500 false 
-1.875000 -0.625000 -0.312500 1.562500 false 
-0.312500 -0.625000 -0.312500 1.562500 true 
-1.875000 0.937500 -0.312500 1.562500 false 
-0.312500 0.937500 -0.312500 1.562500 true 
1.250000 -22.500000 -23.750000 12.500000 false 
13.750000 -22.500000 -23.750000 12.500000 false 
1.250000 -10.000000 -23.750000 12.500000 false 
13.750000 -10.000000 -23.750000 12.500000 false 
1.250000 -22.500000 -11.250000 12.500000 false 
13.750000 -22.500000 -11.250000 12.500000 false 
1.250000 -10.000000 -11.250000 6.250000 false 
7.500000 -10.000000 -11.250000 6.250000 false 
1.250000 -3.750000 -11.250000 6.250000 false 
7.500000 -3.750000 -11.250000 6.250000 false 
1.250000 -10.000000 -5.000000 6.250000 false 
7.500000 -10.000000 -5.000000 6.250000 false 
1.250000 -3.750000 -5.000000 3.125000 false 
4.375000 -3.750000 -5.000000 3.125000 false 
1.250000 -0.625000 -5.000000 3.125000 false 
4.375000 -0.625000 -5.000000 3.125000 false 
1.250000 -3.750000 -1.875000 3.125000 false 
4.375000 -3.750000 -1.875000 3.125000 false 
1.250000 -0.625000 -1.875000 1.562500 false 
2.812500 -0.625000 -1.875000 1.562500 false 
1.250000 0.937500 -1.875000 1.562500 false 
2.812500 0.937500 -1.875000 1.562500 false 
1.250000 -0.625000 -0.312500 1.562500 true 
2.812500 -0.625000 -0.312500 1.562500 false 
1.250000 0.937500 -0.312500 1.562500 true 
2.812500 0.937500 -0.312500 1.562500 false 
4.375000 -0.625000 -1.875000 1.562500 false 
5.937500 -0.625000 -1.875000 1.562500 false 
4.375000 0.937500 -1.875000 1.562500 false 
5.937500 0.937500 -1.875000 1.562500 false 
4.375000 -0.625000 -0.312500 1.562500 false 
5.937500 -0.625000 -0.312500 0.781250 false 
6.718750 -0.625000 -0.312500 0.781250 true 
5.937500 0.156250 -0.312500 0.781250 false 
6.718750 0.156250 -0.312500 0.781250 true 
5.937500 -0.625000 0.468750 0.781250 false 
6.718750 -0.625000 0.468750 0.781250 true 
5.937500 0.156250 0.468750 0.781250 false 
6.718750 0.156250 0.468750 0.781250 true 
4.375000 0.937500 -0.312500 1.562500 false 
5.937500 0.937500 -0.312500 0.781250 false 
6.718750 0.937500 -0.312500 0.781250 true 
5.937500 1.718750 -0.312500 0.781250 false 
6.718750 1.718750 -0.312500 0.781250 true 
5.937500 0.937500 0.468750 0.781250 false 
6.718750 0.937500 0.468750 0.781250 true 
5.937500 1.718750 0.468750 0.781250 false 
6.718750 1.718750 0.468750 0.781250 true 
7.500000 -3.750000 -5.000000 3.125000 false 
10.625000 -3.750000 -5.000000 3.125000 false 
7.500000 -0.625000 -5.000000 3.125000 false 
10.625000 -0.625000 -5.000000 3.125000 false 
7.500000 -3.750000 -1.875000 3.125000 false 
10.625000 -3.750000 -1.875000 3.125000 false 
7.500000 -0.625000 -1.875000 1.562500 false 
9.062500 -0.625000 -1.875000 1.562500 false 
7.500000 0.937500 -1.875000 1.562500 false 
9.062500 0.937500 -1.875000 1.562500 false 
7.500000 -0.625000 -0.312500 1.562500 true 
9.062500 -0.625000 -0.312500 1.562500 true 
7.500000 0.937500 -0.312500 1.562500 true 
9.062500 0.937500 -0.312500 1.562500 true 
10.625000 -0.625000 -1.875000 1.562500 false 
12.187500 -0.625000 -1.875000 1.562500 false 
10.625000 0.937500 -1.875000 1.562500 false 
12.187500 0.937500 -1.875000 1.562500 false 
10.625000 -0.625000 -0.312500 1.562500 true 
12.187500 -0.625000 -0.312500 0.781250 true 
12.968750 -0.625000 -0.312500 0.781250 false 
12.187500 0.156250 -0.312500 0.781250 true 
12.968750 0.156250 -0.312500 0.781250 false 
12.187500 -0.625000 0.468750 0.781250 true 
12.968750 -0.625000 0.468750 0.781250 false 
12.187500 0.156250 0.468750 0.781250 true 
12.968750 0.156250 0.468750 0.781250 false 
10.625000 0.937500 -0.312500 1.562500 true 
12.187500 0.937500 -0.312500 0.781250 true 
12.968750 0.937500 -0.312500 0.781250 false 
12.187500 1.718750 -0.312500 0.781250 true 
12.968750 1.718750 -0.312500 0.781250 false 
12.187500 0.937500 0.468750 0.781250 true 
12.968750 0.937500 0.468750 0.781250 false 
12.187500 1.718750 0.468750 0.781250 true 
12.968750 1.718750 0.468750 0.781250 false 
13.750000 -10.000000 -11.250000 12.500000 false 
-23.750000 2.500000 -23.750000 12.500000 false 
-11.250000 2.500000 -23.750000 12.500000 false 
-23.750000 15.000000 -23.750000 12.500000 false 
-11.250000 15.000000 -23.750000 12.500000 false 
-23.750000 2.500000 -11.250000 12.500000 false 
-11.250000 2.500000 -11.250000 6.250000 false 
-5.000000 2.500000 -11.250000 6.250000 false 
-11.250000 8.750000 -11.250000 6.250000 false 
-5.000000 8.750000 -11.250000 6.250000 false 
-11.250000 2.500000 -5.000000 6.250000 false 
-5.000000 2.500000 -5.000000 3.125000 false 
-1.875000 2.500000 -5.000000 3.125000 false 
-5.000000 5.625000 -5.000000 3.125000 false 
-1.875000 5.625000 -5.000000 3.125000 false 
-5.000000 2.500000 -1.875000 3.125000 false 
-1.875000 2.500000 -1.875000 1.562500 false 
-0.312500 2.500000 -1.875000 1.562500 false 
-1.875000 4.062500 -1.875000 1.562500 false 
-0.312500 4.062500 -1.875000 1.562500 false 
-1.875000 2.500000 -0.312500 1.562500 false 
-0.312500 2.500000 -0.312500 0.781250 true 
0.468750 2.500000 -0.312500 0.781250 true 
-0.312500 3.281250 -0.312500 0.781250 false 
0.468750 3.281250 -0.312500 0.781250 false 
-0.312500 2.500000 0.468750 0.781250 true 
0.468750 2.500000 0.468750 0.781250 true 
-0.312500 3.281250 0.468750 0.781250 false 
0.468750 3.281250 0.468750 0.781250 false 
-1.875000 4.062500 -0.312500 1.562500 false 
-0.312500 4.062500 -0.312500 1.562500 false 
-5.000000 5.625000 -1.875000 3.125000 false 
-1.875000 5.625000 -1.875000 3.125000 false 
-11.250000 8.750000 -5.000000 6.250000 false 
-5.000000 8.750000 -5.000000 3.125000 false 
-1.875000 8.750000 -5.000000 3.125000 false 
-5.000000 11.875000 -5.000000 3.125000 false 
-1.875000 11.875000 -5.000000 3.125000 false 
-5.000000 8.750000 -1.875000 3.125000 false 
-1.875000 8.750000 -1.875000 1.562500 false 
-0.312500 8.750000 -1.875000 1.562500 false 
-1.875000 10.312500 -1.875000 1.562500 false 
-0.312500 10.312500 -1.875000 1.562500 false 
-1.875000 8.750000 -0.312500 1.562500 false 
-0.312500 8.750000 -0.312500 0.781250 false 
0.468750 8.750000 -0.312500 0.781250 false 
-0.312500 9.531250 -0.312500 0.781250 true 
0.468750 9.531250 -0.312500 0.781250 true 
-0.312500 8.750000 0.468750 0.781250 false 
0.468750 8.750000 0.468750 0.781250 false 
-0.312500 9.531250 0.468750 0.781250 true 
0.468750 9.531250 0.468750 0.781250 true 
-1.875000 10.312500 -0.312500 1.562500 false 
-0.312500 10.312500 -0.312500 1.562500 true 
-5.000000 11.875000 -1.875000 3.125000 false 
-1.875000 11.875000 -1.875000 1.562500 false 
-0.312500 11.875000 -1.875000 1.562500 false 
-1.875000 13.437500 -1.875000 1.562500 false 
-0.312500 13.437500 -1.875000 1.562500 false 
-1.875000 11.875000 -0.312500 1.562500 false 
-0.312500 11.875000 -0.312500 0.781250 true 
0.468750 11.875000 -0.312500 0.781250 true 
-0.312500 12.656250 -0.312500 0.781250 false 
0.468750 12.656250 -0.312500 0.781250 false 
-0.312500 11.875000 0.468750 0.781250 true 
0.468750 11.875000 0.468750 0.781250 true 
-0.312500 12.656250 0.468750 0.781250 false 
0.468750 12.656250 0.468750 0.781250 false 
-1.875000 13.437500 -0.312500 1.562500 false 
-0.312500 13.437500 -0.312500 1.562500 false 
-23.750000 15.000000 -11.250000 12.500000 false 
-11.250000 15.000000 -11.250000 12.500000 false 
1.250000 2.500000 -23.750000 12.500000 false 
13.750000 2.500000 -23.750000 12.500000 false 
1.250000 15.000000 -23.750000 12.500000 false 
13.750000 15.000000 -23.750000 12.500000 false 
1.250000 2.500000 -11.250000 6.250000 false 
7.500000 2.500000 -11.250000 6.250000 false 
1.250000 8.750000 -11.250000 6.250000 false 
7.500000 8.750000 -11.250000 6.250000 false 
1.250000 2.500000 -5.000000 3.125000 false 
4.375000 2.500000 -5.000000 3.125000 false 
1.250000 5.625000 -5.000000 3.125000 false 
4.375000 5.625000 -5.000000 3.125000 false 
1.250000 2.500000 -1.875000 1.562500 false 
2.812500 2.500000 -1.875000 1.562500 false 
1.250000 4.062500 -1.875000 1.562500 false 
2.812500 4.062500 -1.875000 1.562500 false 
1.250000 2.500000 -0.312500 0.781250 true 
2.031250 2.500000 -0.312500 0.781250 true 
1.250000 3.281250 -0.312500 0.781250 false 
2.031250 3.281250 -0.312500 0.781250 false 
1.250000 2.500000 0.468750 0.781250 true 
2.031250 2.500000 0.468750 0.781250 true 
1.250000 3.281250 0.468750 0.781250 false 
2.031250 3.281250 0.468750 0.781250 false 
2.812500 2.500000 -0.312500 1.562500 false 
1.250000 4.062500 -0.312500 1.562500 false 
2.812500 4.062500 -0.312500 1.562500 false 
4.375000 2.500000 -1.875000 1.562500 false 
5.937500 2.500000 -1.875000 1.562500 false 
4.375000 4.062500 -1.875000 1.562500 false 
5.937500 4.062500 -1.875000 1.562500 false 
4.375000 2.500000 -0.312500 1.562500 false 
5.937500 2.500000 -0.312500 0.781250 false 
6.718750 2.500000 -0.312500 0.781250 true 
5.937500 3.281250 -0.312500 0.781250 false 
6.718750 3.281250 -0.312500 0.781250 false 
5.937500 2.500000 0.468750 0.781250 false 
6.718750 2.500000 0.468750 0.781250 true 
5.937500 3.281250 0.468750 0.781250 false 
6.718750 3.281250 0.468750 0.781250 false 
4.375000 4.062500 -0.312500 1.562500 false 
5.937500 4.062500 -0.312500 1.562500 false 
1.250000 5.625000 -1.875000 3.125000 false 
4.375000 5.625000 -1.875000 3.125000 false 
7.500000 2.500000 -5.000000 3.125000 false 
10.625000 2.500000 -5.000000 3.125000 false 
7.500000 5.625000 -5.000000 3.125000 false 
10.625000 5.625000 -5.000000 3.125000 false 
7.500000 2.500000 -1.875000 1.562500 false 
9.062500 2.500000 -1.875000 1.562500 false 
7.500000 4.062500 -1.875000 1.562500 false 
9.062500 4.062500 -1.875000 1.562500 false 
7.500000 2.500000 -0.312500 0.781250 true 
8.281250 2.500000 -0.312500 0.781250 true 
7.500000 3.281250 -0.312500 0.781250 false 
8.281250 3.281250 -0.312500 0.781250 false 
7.500000 2.500000 0.468750 0.781250 true 
8.281250 2.500000 0.468750 0.781250 true 
7.500000 3.281250 0.468750 0.781250 false 
8.281250 3.281250 0.468750 0.781250 false 
9.062500 2.500000 -0.312500 0.781250 true 
9.843750 2.500000 -0.312500 0.781250 true 
9.062500 3.281250 -0.312500 0.781250 false 
9.843750 3.281250 -0.312500 0.781250 true 
9.062500 2.500000 0.468750 0.781250 true 
9.843750 2.500000 0.468750 0.781250 true 
9.062500 3.281250 0.468750 0.781250 false 
9.843750 3.281250 0.468750 0.781250 true 
7.500000 4.062500 -0.312500 1.562500 false 
9.062500 4.062500 -0.312500 0.781250 false 
9.843750 4.062500 -0.312500 0.781250 true 
9.062500 4.843750 -0.312500 0.781250 false 
9.843750 4.843750 -0.312500 0.781250 true 
9.062500 4.062500 0.468750 0.781250 false 
9.843750 4.062500 0.468750 0.781250 true 
9.062500 4.843750 0.468750 0.781250 false 
9.843750 4.843750 0.468750 0.781250 true 
10.625000 2.500000 -1.875000 1.562500 false 
12.187500 2.500000 -1.875000 1.562500 false 
10.625000 4.062500 -1.875000 1.562500 false 
12.187500 4.062500 -1.875000 1.562500 false 
10.625000 2.500000 -0.312500 1.562500 true 
12.187500 2.500000 -0.312500 0.781250 true 
12.968750 2.500000 -0.312500 0.781250 false 
12.187500 3.281250 -0.312500 0.781250 true 
12.968750 3.281250 -0.312500 0.781250 false 
12.187500 2.500000 0.468750 0.781250 true 
12.968750 2.500000 0.468750 0.781250 false 
12.187500 3.281250 0.468750 0.781250 true 
12.968750 3.281250 0.468750 0.781250 false 
10.625000 4.062500 -0.312500 1.562500 true 
12.187500 4.062500 -0.312500 0.781250 true 
12.968750 4.062500 -0.312500 0.781250 false 
12.187500 4.843750 -0.312500 0.781250 true 
12.968750 4.843750 -0.312500 0.781250 false 
12.187500 4.062500 0.468750 0.781250 true 
12.968750 4.062500 0.468750 0.781250 false 
12.187500 4.843750 0.468750 0.781250 true 
12.968750 4.843750 0.468750 0.781250 false 
7.500000 5.625000 -1.875000 3.125000 false 
10.625000 5.625000 -1.875000 3.125000 false 
1.250000 8.750000 -5.000000 3.125000 false 
4.375000 8.750000 -5.000000 3.125000 false 
1.250000 11.875000 -5.000000 3.125000 false 
4.375000 11.875000 -5.000000 3.125000 false 
1.250000 8.750000 -1.875000 1.562500 false 
2.812500 8.750000 -1.875000 1.562500 false 
1.250000 10.312500 -1.875000 1.562500 false 
2.812500 10.312500 -1.875000 1.562500 false 
1.250000 8.750000 -0.312500 0.781250 false 
2.031250 8.750000 -0.312500 0.781250 false 
1.250000 9.531250 -0.312500 0.781250 true 
2.031250 9.531250 -0.312500 0.781250 true 
1.250000 8.750000 0.468750 0.781250 false 
2.031250 8.750000 0.468750 0.781250 false 
1.250000 9.531250 0.468750 0.781250 true 
2.031250 9.531250 0.468750 0.781250 true 
2.812500 8.750000 -0.312500 1.562500 false 
1.250000 10.312500 -0.312500 1.562500 true 
2.812500 10.312500 -0.312500 1.562500 false 
4.375000 8.750000 -1.875000 3.125000 false 
1.250000 11.875000 -1.875000 1.562500 false 
2.812500 11.875000 -1.875000 1.562500 false 
1.250000 13.437500 -1.875000 1.562500 false 
2.812500 13.437500 -1.875000 1.562500 false 
1.250000 11.875000 -0.312500 0.781250 true 
2.031250 11.875000 -0.312500 0.781250 true 
1.250000 12.656250 -0.312500 0.781250 false 
2.031250 12.656250 -0.312500 0.781250 false 
1.250000 11.875000 0.468750 0.781250 true 
2.031250 11.875000 0.468750 0.781250 true 
1.250000 12.656250 0.468750 0.781250 false 
2.031250 12.656250 0.468750 0.781250 false 
2.812500 11.875000 -0.312500 1.562500 false 
1.250000 13.437500 -0.312500 1.562500 false 
2.812500 13.437500 -0.312500 1.562500 false 
4.375000 11.875000 -1.875000 3.125000 false 
7.500000 8.750000 -5.000000 6.250000 false 
13.750000 2.500000 -11.250000 12.500000 false 
1.250000 15.000000 -11.250000 12.500000 false 
13.750000 15.000000 -11.250000 12.500000 false 
-23.750000 -22.500000 1.250000 12.500000 false 
-11.250000 -22.500000 1.250000 12.500000 false 
-23.750000 -10.000000 1.250000 12.500000 false 
-11.250000 -10.000000 1.250000 6.250000 false 
-5.000000 -10.000000 1.250000 6.250000 false 
-11.250000 -3.750000 1.250000 6.250000 false 
-5.000000 -3.750000 1.250000 3.125000 false 
-1.875000 -3.750000 1.250000 3.125000 false 
-5.000000 -0.625000 1.250000 3.125000 false 
-1.875000 -0.625000 1.250000 1.562500 false 
-0.312500 -0.625000 1.250000 1.562500 true 
-1.875000 0.937500 1.250000 1.562500 false 
-0.312500 0.937500 1.250000 1.562500 true 
-1.875000 -0.625000 2.812500 1.562500 false 
-0.312500 -0.625000 2.812500 1.562500 false 
-1.875000 0.937500 2.812500 1.562500 false 
-0.312500 0.937500 2.812500 1.562500 false 
-5.000000 -3.750000 4.375000 3.125000 false 
-1.875000 -3.750000 4.375000 3.125000 false 
-5.000000 -0.625000 4.375000 3.125000 false 
-1.875000 -0.625000 4.375000 3.125000 false 
-11.250000 -10.000000 7.500000 6.250000 false 
-5.000000 -10.000000 7.500000 6.250000 false 
-11.250000 -3.750000 7.500000 6.250000 false 
-5.000000 -3.750000 7.500000 3.125000 false 
-1.875000 -3.750000 7.500000 3.125000 false 
-5.000000 -0.625000 7.500000 3.125000 false 
-1.875000 -0.625000 7.500000 1.562500 false 
-0.312500 -0.625000 7.500000 1.562500 false 
-1.875000 0.937500 7.500000 1.562500 false 
-0.312500 0.937500 7.500000 1.562500 false 
-1.875000 -0.625000 9.062500 1.562500 false 
-0.312500 -0.625000 9.062500 0.781250 false 
0.468750 -0.625000 9.062500 0.781250 false 
-0.312500 0.156250 9.062500 0.781250 false 
0.468750 0.156250 9.062500 0.781250 false 
-0.312500 -0.625000 9.843750 0.781250 true 
0.468750 -0.625000 9.843750 0.781250 true 
-0.312500 0.156250 9.843750 0.781250 true 
0.468750 0.156250 9.843750 0.781250 true 
-1.875000 0.937500 9.062500 1.562500 false 
-0.312500 0.937500 9.062500 0.781250 false 
0.468750 0.937500 9.062500 0.781250 false 
-0.312500 1.718750 9.062500 0.781250 false 
0.468750 1.718750 9.062500 0.781250 false 
-0.312500 0.937500 9.843750 0.781250 true 
0.468750 0.937500 9.843750 0.781250 true 
-0.312500 1.718750 9.843750 0.781250 true 
0.468750 1.718750 9.843750 0.781250 true 
-5.000000 -3.750000 10.625000 3.125000 false 
-1.875000 -3.750000 10.625000 3.125000 false 
-5.000000 -0.625000 10.625000 3.125000 false 
-1.875000 -0.625000 10.625000 1.562500 false 
-0.312500 -0.625000 10.625000 1.562500 true 
-1.875000 0.937500 10.625000 1.562500 false 
-0.312500 0.937500 10.625000 1.562500 true 
-1.875000 -0.625000 12.187500 1.562500 false 
-0.312500 -0.625000 12.187500 0.781250 true 
0.468750 -0.625000 12.187500 0.781250 true 
-0.312500 0.156250 12.187500 0.781250 true 
0.468750 0.156250 12.187500 0.781250 true 
-0.312500 -0.625000 12.968750 0.781250 false 
0.468750 -0.625000 12.968750 0.781250 false 
-0.312500 0.156250 12.968750 0.781250 false 
0.468750 0.156250 12.968750 0.781250 false 
-1.875000 0.937500 12.187500 1.562500 false 
-0.312500 0.937500 12.187500 0.781250 true 
0.468750 0.937500 12.187500 0.781250 true 
-0.312500 1.718750 12.187500 0.781250 true 
0.468750 1.718750 12.187500 0.781250 true 
-0.312500 0.937500 12.968750 0.781250 false 
0.468750 0.937500 12.968750 0.781250 false 
-0.312500 1.718750 12.968750 0.781250 false 
0.468750 1.718750 12.968750 0.781250 false 
-23.750000 -22.500000 13.750000 12.500000 false 
-11.250000 -22.500000 13.750000 12.500000 false 
-23.750000 -10.000000 13.750000 12.500000 false 
-11.250000 -10.000000 13.750000 12.500000 false 
1.250000 -22.500000 1.250000 12.500000 false 
13.750000 -22.500000 1.250000 12.500000 false 
1.250000 -10.000000 1.250000 6.250000 false 
7.500000 -10.000000 1.250000 6.250000 false 
1.250000 -3.750000 1.250000 3.125000 false 
4.375000 -3.750000 1.250000 3.125000 false 
1.250000 -0.625000 1.250000 1.562500 true 
2.812500 -0.625000 1.250000 1.562500 false 
1.250000 0.937500 1.250000 1.562500 true 
2.812500 0.937500 1.250000 1.562500 false 
1.250000 -0.625000 2.812500 1.562500 false 
2.812500 -0.625000 2.812500 1.562500 false 
1.250000 0.937500 2.812500 1.562500 false 
2.812500 0.937500 2.812500 1.562500 false 
4.375000 -0.625000 1.250000 1.562500 false 
5.937500 -0.625000 1.250000 0.781250 false 
6.718750 -0.625000 1.250000 0.781250 true 
5.937500 0.156250 1.250000 0.781250 false 
6.718750 0.156250 1.250000 0.781250 true 
5.937500 -0.625000 2.031250 0.781250 false 
6.718750 -0.625000 2.031250 0.781250 true 
5.937500 0.156250 2.031250 0.781250 false 
6.718750 0.156250 2.031250 0.781250 true 
4.375000 0.937500 1.250000 1.562500 false 
5.937500 0.937500 1.250000 0.781250 false 
6.718750 0.937500 1.250000 0.781250 true 
5.937500 1.718750 1.250000 0.781250 false 
6.718750 1.718750 1.250000 0.781250 true 
5.937500 0.937500 2.031250 0.781250 false 
6.718750 0.937500 2.031250 0.781250 true 
5.937500 1.718750 2.031250 0.781250 false 
6.718750 1.718750 2.031250 0.781250 true 
4.375000 -0.625000 2.812500 1.562500 false 
5.937500 -0.625000 2.812500 1.562500 false 
4.375000 0.937500 2.812500 1.562500 false 
5.937500 0.937500 2.812500 1.562500 false 
1.250000 -3.750000 4.375000 3.125000 false 
4.375000 -3.750000 4.375000 3.125000 false 
1.250000 -0.625000 4.375000 3.125000 false 
4.375000 -0.625000 4.375000 3.125000 false 
7.500000 -3.750000 1.250000 3.125000 false 
10.625000 -3.750000 1.250000 3.125000 false 
7.500000 -0.625000 1.250000 1.562500 true 
9.062500 -0.625000 1.250000 1.562500 true 
7.500000 0.937500 1.250000 1.562500 true 
9.062500 0.937500 1.250000 1.562500 true 
7.500000 -0.625000 2.812500 1.562500 false 
9.062500 -0.625000 2.812500 1.562500 false 
7.500000 0.937500 2.812500 1.562500 false 
9.062500 0.937500 2.812500 1.562500 false 
10.625000 -0.625000 1.250000 1.562500 true 
12.187500 -0.625000 1.250000 0.781250 true 
12.968750 -0.625000 1.250000 0.781250 false 
12.187500 0.156250 1.250000 0.781250 true 
12.968750 0.156250 1.250000 0.781250 false 
12.187500 -0.625000 2.031250 0.781250 true 
12.968750 -0.625000 2.031250 0.781250 false 
12.187500 0.156250 2.031250 0.781250 true 
12.968750 0.156250 2.031250 0.781250 false 
10.625000 0.937500 1.250000 1.562500 true 
12.187500 0.937500 1.250000 0.781250 true 
12.968750 0.937500 1.250000 0.781250 false 
12.187500 1.718750 1.250000 0.781250 true 
12.968750 1.718750 1.250000 0.781250 false 
12.187500 0.937500 2.031250 0.781250 true 
12.968750 0.937500 2.031250 0.781250 false 
12.187500 1.718750 2.031250 0.781250 true 
12.968750 1.718750 2.031250 0.781250 false 
10.625000 -0.625000 2.812500 1.562500 false 
12.187500 -0.625000 2.812500 1.562500 false 
10.625000 0.937500 2.812500 1.562500 false 
12.187500 0.937500 2.812500 1.562500 false 
7.500000 -3.750000 4.375000 3.125000 false 
10.625000 -3.750000 4.375000 3.125000 false 
7.500000 -0.625000 4.375000 3.125000 false 
10.625000 -0.625000 4.375000 3.125000 false 
1.250000 -10.000000 7.500000 6.250000 false 
7.500000 -10.000000 7.500000 6.250000 false 
1.250000 -3.750000 7.500000 3.125000 false 
4.375000 -3.750000 7.500000 3.125000 false 
1.250000 -0.625000 7.500000 1.562500 false 
2.812500 -0.625000 7.500000 1.562500 false 
1.250000 0.937500 7.500000 1.562500 false 
2.812500 0.937500 7.500000 1.562500 false 
1.250000 -0.625000 9.062500 0.781250 false 
2.031250 -0.625000 9.062500 0.781250 false 
1.250000 0.156250 9.062500 0.781250 false 
2.031250 0.156250 9.062500 0.781250 false 
1.250000 -0.625000 9.843750 0.781250 true 
2.031250 -0.625000 9.843750 0.781250 true 
1.250000 0.156250 9.843750 0.781250 true 
2.031250 0.156250 9.843750 0.781250 true 
2.812500 -0.625000 9.062500 1.562500 false 
1.250000 0.937500 9.062500 0.781250 false 
2.031250 0.937500 9.062500 0.781250 false 
1.250000 1.718750 9.062500 0.781250 false 
2.031250 1.718750 9.062500 0.781250 false 
1.250000 0.937500 9.843750 0.781250 true 
2.031250 0.937500 9.843750 0.781250 true 
1.250000 1.718750 9.843750 0.781250 true 
2.031250 1.718750 9.843750 0.781250 true 
2.812500 0.937500 9.062500 1.562500 false 
4.375000 -0.625000 7.500000 3.125000 false 
1.250000 -3.750000 10.625000 3.125000 false 
4.375000 -3.750000 10.625000 3.125000 false 
1.250000 -0.625000 10.625000 1.562500 true 
2.812500 -0.625000 10.625000 1.562500 false 
1.250000 0.937500 10.625000 1.562500 true 
2.812500 0.937500 10.625000 1.562500 false 
1.250000 -0.625000 12.187500 0.781250 true 
2.031250 -0.625000 12.187500 0.781250 true 
1.250000 0.156250 12.187500 0.781250 true 
2.031250 0.156250 12.187500 0.781250 true 
1.250000 -0.625000 12.968750 0.781250 false 
2.031250 -0.625000 12.968750 0.781250 false 
1.250000 0.156250 12.968750 0.781250 false 
2.031250 0.156250 12.968750 0.781250 false 
2.812500 -0.625000 12.187500 1.562500 false 
1.250000 0.937500 12.187500 0.781250 true 
2.031250 0.937500 12.187500 0.781250 true 
1.250000 1.718750 12.187500 0.781250 true 
2.031250 1.718750 12.187500 0.781250 true 
1.250000 0.937500 12.968750 0.781250 false 
2.031250 0.937500 12.968750 0.781250 false 
1.250000 1.718750 12.968750 0.781250 false 
2.031250 1.718750 12.968750 0.781250 false 
2.812500 0.937500 12.187500 1.562500 false 
4.375000 -0.625000 10.625000 3.125000 false 
7.500000 -3.750000 7.500000 6.250000 false 
13.750000 -10.000000 1.250000 12.500000 false 
1.250000 -22.500000 13.750000 12.500000 false 
13.750000 -22.500000 13.750000 12.500000 false 
1.250000 -10.000000 13.750000 12.500000 false 
13.750000 -10.000000 13.750000 12.500000 false 
-23.750000 2.500000 1.250000 12.500000 false 
-11.250000 2.500000 1.250000 6.250000 false 
-5.000000 2.500000 1.250000 3.125000 false 
-1.875000 2.500000 1.250000 1.562500 false 
-0.312500 2.500000 1.250000 0.781250 true 
0.468750 2.500000 1.250000 0.781250 true 
-0.312500 3.281250 1.250000 0.781250 false 
0.468750 3.281250 1.250000 0.781250 false 
-0.312500 2.500000 2.031250 0.781250 true 
0.468750 2.500000 2.031250 0.781250 true 
-0.312500 3.281250 2.031250 0.781250 false 
0.468750 3.281250 2.031250 0.781250 false 
-1.875000 4.062500 1.250000 1.562500 false 
-0.312500 4.062500 1.250000 1.562500 false 
-1.875000 2.500000 2.812500 1.562500 false 
-0.312500 2.500000 2.812500 1.562500 false 
-1.875000 4.062500 2.812500 1.562500 false 
-0.312500 4.062500 2.812500 1.562500 false 
-5.000000 5.625000 1.250000 3.125000 false 
-1.875000 5.625000 1.250000 3.125000 false 
-5.000000 2.500000 4.375000 3.125000 false 
-1.875000 2.500000 4.375000 3.125000 false 
-5.000000 5.625000 4.375000 3.125000 false 
-1.875000 5.625000 4.375000 3.125000 false 
-11.250000 8.750000 1.250000 6.250000 false 
-5.000000 8.750000 1.250000 3.125000 false 
-1.875000 8.750000 1.250000 1.562500 false 
-0.312500 8.750000 1.250000 0.781250 false 
0.468750 8.750000 1.250000 0.781250 false 
-0.312500 9.531250 1.250000 0.781250 true 
0.468750 9.531250 1.250000 0.781250 true 
-0.312500 8.750000 2.031250 0.781250 false 
0.468750 8.750000 2.031250 0.781250 false 
-0.312500 9.531250 2.031250 0.781250 true 
0.468750 9.531250 2.031250 0.781250 true 
-1.875000 10.312500 1.250000 1.562500 false 
-0.312500 10.312500 1.250000 1.562500 true 
-1.875000 8.750000 2.812500 1.562500 false 
-0.312500 8.750000 2.812500 1.562500 false 
-1.875000 10.312500 2.812500 1.562500 false 
-0.312500 10.312500 2.812500 1.562500 false 
-5.000000 11.875000 1.250000 3.125000 false 
-1.875000 11.875000 1.250000 1.562500 false 
-0.312500 11.875000 1.250000 0.781250 true 
0.468750 11.875000 1.250000 0.781250 true 
-0.312500 12.656250 1.250000 0.781250 false 
0.468750 12.656250 1.250000 0.781250 false 
-0.312500 11.875000 2.031250 0.781250 true 
0.468750 11.875000 2.031250 0.781250 true 
-0.312500 12.656250 2.031250 0.781250 false 
0.468750 12.656250 2.031250 0.781250 false 
-1.875000 13.437500 1.250000 1.562500 false 
-0.312500 13.437500 1.250000 1.562500 false 
-1.875000 11.875000 2.812500 1.562500 false 
-0.312500 11.875000 2.812500 1.562500 false 
-1.875000 13.437500 2.812500 1.562500 false 
-0.312500 13.437500 2.812500 1.562500 false 
-5.000000 8.750000 4.375000 3.125000 false 
-1.875000 8.750000 4.375000 3.125000 false 
-5.000000 11.875000 4.375000 3.125000 false 
-1.875000 11.875000 4.375000 3.125000 false 
-11.250000 2.500000 7.500000 6.250000 false 
-5.000000 2.500000 7.500000 3.125000 false 
-1.875000 2.500000 7.500000 1.562500 false 
-0.312500 2.500000 7.500000 1.562500 false 
-1.875000 4.062500 7.500000 1.562500 false 
-0.312500 4.062500 7.500000 1.562500 false 
-1.875000 2.500000 9.062500 1.562500 false 
-0.312500 2.500000 9.062500 0.781250 false 
0.468750 2.500000 9.062500 0.781250 false 
-0.312500 3.281250 9.062500 0.781250 false 
0.468750 3.281250 9.062500 0.781250 false 
-0.312500 2.500000 9.843750 0.781250 true 
0.468750 2.500000 9.843750 0.781250 true 
-0.312500 3.281250 9.843750 0.781250 true 
0.468750 3.281250 9.843750 0.781250 true 
-1.875000 4.062500 9.062500 1.562500 false 
-0.312500 4.062500 9.062500 0.781250 false 
0.468750 4.062500 9.062500 0.781250 false 
-0.312500 4.843750 9.062500 0.781250 false 
0.468750 4.843750 9.062500 0.781250 false 
-0.312500 4.062500 9.843750 0.781250 true 
0.468750 4.062500 9.843750 0.781250 true 
-0.312500 4.843750 9.843750 0.781250 true 
0.468750 4.843750 9.843750 0.781250 true 
-5.000000 5.625000 7.500000 3.125000 false 
-1.875000 5.625000 7.500000 3.125000 false 
-5.000000 2.500000 10.625000 3.125000 false 
-1.875000 2.500000 10.625000 1.562500 false 
-0.312500 2.500000 10.625000 1.562500 true 
-1.875000 4.062500 10.625000 1.562500 false 
-0.312500 4.062500 10.625000 1.562500 true 
-1.875000 2.500000 12.187500 1.562500 false 
-0.312500 2.500000 12.187500 0.781250 true 
0.468750 2.500000 12.187500 0.781250 true 
-0.312500 3.281250 12.187500 0.781250 true 
0.468750 3.281250 12.187500 0.781250 true 
-0.312500 2.500000 12.968750 0.781250 false 
0.468750 2.500000 12.968750 0.781250 false 
-0.312500 3.281250 12.968750 0.781250 false 
0.468750 3.281250 12.968750 0.781250 false 
-1.875000 4.062500 12.187500 1.562500 false 
-0.312500 4.062500 12.187500 0.781250 true 
0.468750 4.062500 12.187500 0.781250 true 
-0.312500 4.843750 12.187500 0.781250 true 
0.468750 4.843750 12.187500 0.781250 true 
-0.312500 4.062500 12.968750 0.781250 false 
0.468750 4.062500 12.968750 0.781250 false 
-0.312500 4.843750 12.968750 0.781250 false 
0.468750 4.843750 12.968750 0.781250 false 
-5.000000 5.625000 10.625000 3.125000 false 
-1.875000 5.625000 10.625000 3.125000 false 
-11.250000 8.750000 7.500000 6.250000 false 
-5.000000 8.750000 7.500000 6.250000 false 
-23.750000 15.000000 1.250000 12.500000 false 
-11.250000 15.000000 1.250000 12.500000 false 
-23.750000 2.500000 13.750000 12.500000 false 
-11.250000 2.500000 13.750000 12.500000 false 
-23.750000 15.000000 13.750000 12.500000 false 
-11.250000 15.000000 13.750000 12.500000 false 
1.250000 2.500000 1.250000 0.781250 true 
2.031250 2.500000 1.250000 0.781250 true 
1.250000 3.281250 1.250000 0.781250 false 
2.031250 3.281250 1.250000 0.781250 false 
1.250000 2.500000 2.031250 0.781250 true 
2.031250 2.500000 2.031250 0.781250 true 
1.250000 3.281250 2.031250 0.781250 false 
2.031250 3.281250 2.031250 0.781250 false 
2.812500 2.500000 1.250000 1.562500 false 
1.250000 4.062500 1.250000 1.562500 false 
2.812500 4.062500 1.250000 1.562500 false 
1.250000 2.500000 2.812500 1.562500 false 
2.812500 2.500000 2.812500 1.562500 false 
1.250000 4.062500 2.812500 1.562500 false 
2.812500 4.062500 2.812500 1.562500 false 
4.375000 2.500000 1.250000 1.562500 false 
5.937500 2.500000 1.250000 0.781250 false 
6.718750 2.500000 1.250000 0.781250 true 
5.937500 3.281250 1.250000 0.781250 false 
6.718750 3.281250 1.250000 0.781250 false 
5.937500 2.500000 2.031250 0.781250 false 
6.718750 2.500000 2.031250 0.781250 true 
5.937500 3.281250 2.031250 0.781250 false 
6.718750 3.281250 2.031250 0.781250 false 
4.375000 4.062500 1.250000 1.562500 false 
5.937500 4.062500 1.250000 1.562500 false 
4.375000 2.500000 2.812500 1.562500 false 
5.937500 2.500000 2.812500 1.562500 false 
4.375000 4.062500 2.812500 1.562500 false 
5.937500 4.062500 2.812500 1.562500 false 
1.250000 5.625000 1.250000 3.125000 false 
4.375000 5.625000 1.250000 3.125000 false 
1.250000 2.500000 4.375000 3.125000 false 
4.375000 2.500000 4.375000 3.125000 false 
1.250000 5.625000 4.375000 3.125000 false 
4.375000 5.625000 4.375000 3.125000 false 
7.500000 2.500000 1.250000 0.781250 true 
8.281250 2.500000 1.250000 0.781250 true 
7.500000 3.281250 1.250000 0.781250 false 
8.281250 3.281250 1.250000 0.781250 false 
7.500000 2.500000 2.031250 0.781250 true 
8.281250 2.500000 2.031250 0.781250 true 
7.500000 3.281250 2.031250 0.781250 false 
8.281250 3.281250 2.031250 0.781250 false 
9.062500 2.500000 1.250000 0.781250 true 
9.843750 2.500000 1.250000 0.781250 true 
9.062500 3.281250 1.250000 0.781250 false 
9.843750 3.281250 1.250000 0.781250 true 
9.062500 2.500000 2.031250 0.781250 true 
9.843750 2.500000 2.031250 0.781250 true 
9.062500 3.281250 2.031250 0.781250 false 
9.843750 3.281250 2.031250 0.781250 true 
7.500000 4.062500 1.250000 1.562500 false 
9.062500 4.062500 1.250000 0.781250 false 
9.843750 4.062500 1.250000 0.781250 true 
9.062500 4.843750 1.250000 0.781250 false 
9.843750 4.843750 1.250000 0.781250 true 
9.062500 4.062500 2.031250 0.781250 false 
9.843750 4.062500 2.031250 0.781250 true 
9.062500 4.843750 2.031250 0.781250 false 
9.843750 4.843750 2.031250 0.781250 true 
7.500000 2.500000 2.812500 1.562500 false 
9.062500 2.500000 2.812500 1.562500 false 
7.500000 4.062500 2.812500 1.562500 false 
9.062500 4.062500 2.812500 1.562500 false 
10.625000 2.500000 1.250000 1.562500 true 
12.187500 2.500000 1.250000 0.781250 true 
12.968750 2.500000 1.250000 0.781250 false 
12.187500 3.281250 1.250000 0.781250 true 
12.968750 3.281250 1.250000 0.781250 false 
12.187500 2.500000 2.031250 0.781250 true 
12.968750 2.500000 2.031250 0.781250 false 
12.187500 3.281250 2.031250 0.781250 true 
12.968750 3.281250 2.031250 0.781250 false 
10.625000 4.062500 1.250000 1.562500 true 
12.187500 4.062500 1.250000 0.781250 true 
12.968750 4.062500 1.250000 0.781250 false 
12.187500 4.843750 1.250000 0.781250 true 
12.968750 4.843750 1.250000 0.781250 false 
12.187500 4.062500 2.031250 0.781250 true 
12.968750 4.062500 2.031250 0.781250 false 
12.187500 4.843750 2.031250 0.781250 true 
12.968750 4.843750 2.031250 0.781250 false 
10.625000 2.500000 2.812500 1.562500 false 
12.187500 2.500000 2.812500 1.562500 false 
10.625000 4.062500 2.812500 1.562500 false 
12.187500 4.062500 2.812500 1.562500 false 
7.500000 5.625000 1.250000 3.125000 false 
10.625000 5.625000 1.250000 3.125000 false 
7.500000 2.500000 4.375000 3.125000 false 
10.625000 2.500000 4.375000 3.125000 false 
7.500000 5.625000 4.375000 3.125000 false 
10.625000 5.625000 4.375000 3.125000 false 
1.250000 8.750000 1.250000 0.781250 false 
2.031250 8.750000 1.250000 0.781250 false 
1.250000 9.531250 1.250000 0.781250 true 
2.031250 9.531250 1.250000 0.781250 true 
1.250000 8.750000 2.031250 0.781250 false 
2.031250 8.750000 2.031250 0.781250 false 
1.250000 9.531250 2.031250 0.781250 true 
2.031250 9.531250 2.031250 0.781250 true 
2.812500 8.750000 1.250000 1.562500 false 
1.250000 10.312500 1.250000 1.562500 true 
2.812500 10.312500 1.250000 1.562500 false 
1.250000 8.750000 2.812500 1.562500 false 
2.812500 8.750000 2.812500 1.562500 false 
1.250000 10.312500 2.812500 1.562500 false 
2.812500 10.312500 2.812500 1.562500 false 
4.375000 8.750000 1.250000 3.125000 false 
1.250000 11.875000 1.250000 0.781250 true 
2.031250 11.875000 1.250000 0.781250 true 
1.250000 12.656250 1.250000 0.781250 false 
2.031250 12.656250 1.250000 0.781250 false 
1.250000 11.875000 2.031250 0.781250 true 
2.031250 11.875000 2.031250 0.781250 true 
1.250000 12.656250 2.031250 0.781250 false 
2.031250 12.656250 2.031250 0.781250 false 
2.812500 11.875000 1.250000 1.562500 false 
1.250000 13.437500 1.250000 1.562500 false 
2.812500 13.437500 1.250000 1.562500 false 
1.250000 11.875000 2.812500 1.562500 false 
2.812500 11.875000 2.812500 1.562500 false 
1.250000 13.437500 2.812500 1.562500 false 
2.812500 13.437500 2.812500 1.562500 false 
4.375000 11.875000 1.250000 3.125000 false 
1.250000 8.750000 4.375000 3.125000 false 
4.375000 8.750000 4.375000 3.125000 false 
1.250000 11.875000 4.375000 3.125000 false 
4.375000 11.875000 4.375000 3.125000 false 
7.500000 8.750000 1.250000 6.250000 false 
1.250000 2.500000 7.500000 1.562500 false 
2.812500 2.500000 7.500000 1.562500 false 
1.250000 4.062500 7.500000 1.562500 false 
2.812500 4.062500 7.500000 1.562500 false 
1.250000 2.500000 9.062500 0.781250 false 
2.031250 2.500000 9.062500 0.781250 false 
1.250000 3.281250 9.062500 0.781250 false 
2.031250 3.281250 9.062500 0.781250 false 
1.250000 2.500000 9.843750 0.781250 true 
2.031250 2.500000 9.843750 0.781250 true 
1.250000 3.281250 9.843750 0.781250 true 
2.031250 3.281250 9.843750 0.781250 true 
2.812500 2.500000 9.062500 1.562500 false 
1.250000 4.062500 9.062500 0.781250 false 
2.031250 4.062500 9.062500 0.781250 false 
1.250000 4.843750 9.062500 0.781250 false 
2.031250 4.843750 9.062500 0.781250 false 
1.250000 4.062500 9.843750 0.781250 true 
2.031250 4.062500 9.843750 0.781250 true 
1.250000 4.843750 9.843750 0.781250 true 
2.031250 4.843750 9.843750 0.781250 true 
2.812500 4.062500 9.062500 1.562500 false 
4.375000 2.500000 7.500000 3.125000 false 
1.250000 5.625000 7.500000 3.125000 false 
4.375000 5.625000 7.500000 3.125000 false 
1.250000 2.500000 10.625000 1.562500 true 
2.812500 2.500000 10.625000 1.562500 false 
1.250000 4.062500 10.625000 1.562500 true 
2.812500 4.062500 10.625000 1.562500 false 
1.250000 2.500000 12.187500 0.781250 true 
2.031250 2.500000 12.187500 0.781250 true 
1.250000 3.281250 12.187500 0.781250 true 
2.031250 3.281250 12.187500 0.781250 true 
1.250000 2.500000 12.968750 0.781250 false 
2.031250 2.500000 12.968750 0.781250 false 
1.250000 3.281250 12.968750 0.781250 false 
2.031250 3.281250 12.968750 0.781250 false 
2.812500 2.500000 12.187500 1.562500 false 
1.250000 4.062500 12.187500 0.781250 true 
2.031250 4.062500 12.187500 0.781250 true 
1.250000 4.843750 12.187500 0.781250 true 
2.031250 4.843750 12.187500 0.781250 true 
1.250000 4.062500 12.968750 0.781250 false 
2.031250 4.062500 12.968750 0.781250 false 
1.250000 4.843750 12.968750 0.781250 false 
2.031250 4.843750 12.968750 0.781250 false 
2.812500 4.062500 12.187500 1.562500 false 
4.375000 2.500000 10.625000 3.125000 false 
1.250000 5.625000 10.625000 3.125000 false 
4.375000 5.625000 10.625000 3.125000 false 
7.500000 2.500000 7.500000 6.250000 false 
1.250000 8.750000 7.500000 6.250000 false 
7.500000 8.750000 7.500000 6.250000 false 
13.750000 2.500000 1.250000 12.500000 false 
1.250000 15.000000 1.250000 12.500000 false 
13.750000 15.000000 1.250000 12.500000 false 
1.250000 2.500000 13.750000 12.500000 false 
13.750000 2.500000 13.750000 12.500000 false 
1.250000 15.000000 13.750000 12.500000 false 
13.750000 15.000000 13.750000 12.500000 false 
